2001-2005	Brazil	Baseline	Incidence	Rates
Male_rate_	OralCav___	Esophagus_	Stomach___	Colon_____	Rectum____	Liver_____	Gallbladd_	Pancreas__	Lung______	Breast____	Uterus____	Ovary_____	Prostate__	UrinBladd_	Kidney____	Brain_CNS_	Thyroid___	Leukemia__	Remainder_
00-00__yrs	5.1877E-01	1.6735E-02	3.3469E-02	3.3469E-02	6.6938E-02	3.3469E-02	1.6735E-02	5.0204E-02	1.0041E-01	0.0000E+00	0.0000E+00	0.0000E+00	5.0204E-02	6.6938E-02	2.1922E+00	3.3469E+00	1.6735E-02	4.2652E+00	6.5098E+00
01-04__yrs	5.1877E-01	1.6735E-02	3.3469E-02	3.3469E-02	6.6938E-02	3.3469E-02	1.6735E-02	5.0204E-02	1.0041E-01	0.0000E+00	0.0000E+00	0.0000E+00	5.0204E-02	6.6938E-02	2.1922E+00	3.3469E+00	1.6735E-02	8.9750E+00	6.5098E+00
05-09__yrs	4.3197E-01	0.0000E+00	6.9115E-02	1.7279E-02	5.1836E-02	0.0000E+00	0.0000E+00	0.0000E+00	6.9115E-02	0.0000E+00	0.0000E+00	0.0000E+00	0.0000E+00	1.7279E-02	7.6026E-01	3.3348E+00	1.0367E-01	5.8056E+00	3.8013E+00
10-14__yrs	6.4059E-01	0.0000E+00	3.2851E-02	8.2127E-02	0.0000E+00	3.2851E-02	1.6425E-02	1.6425E-02	6.5702E-02	0.0000E+00	0.0000E+00	0.0000E+00	4.9276E-02	6.5702E-02	3.2851E-01	2.4474E+00	1.4783E-01	4.1556E+00	4.8126E+00
15-19__yrs	8.4586E-01	1.4840E-02	1.6324E-01	1.6324E-01	7.4198E-02	1.1872E-01	0.0000E+00	4.4519E-02	1.3356E-01	0.0000E+00	0.0000E+00	0.0000E+00	1.4840E-02	1.4840E-01	8.9038E-02	2.1666E+00	5.3423E-01	4.0067E+00	8.2954E+00
20-24__yrs	1.4940E+00	6.0362E-02	5.7344E-01	5.5835E-01	4.5272E-01	2.2636E-01	4.5272E-02	1.0563E-01	3.6217E-01	0.0000E+00	0.0000E+00	0.0000E+00	9.0543E-02	1.3581E-01	2.8672E-01	2.5805E+00	1.0563E+00	3.1690E+00	1.2450E+01
25-29__yrs	1.3258E+00	3.0992E-01	1.2913E+00	1.2224E+00	1.0847E+00	2.2383E-01	6.8870E-02	2.0661E-01	7.2314E-01	0.0000E+00	0.0000E+00	0.0000E+00	6.8870E-02	4.1322E-01	5.3374E-01	3.1680E+00	1.7562E+00	3.4435E+00	1.8182E+01
30-34__yrs	2.2858E+00	4.8713E-01	2.4731E+00	2.2296E+00	1.9485E+00	2.8104E-01	1.3115E-01	5.2460E-01	1.5925E+00	0.0000E+00	0.0000E+00	0.0000E+00	3.1851E-01	4.3092E-01	9.1805E-01	4.6277E+00	2.6605E+00	3.2788E+00	2.5181E+01
35-39__yrs	6.1448E+00	1.5362E+00	5.0533E+00	4.1033E+00	3.3756E+00	5.0533E-01	4.2448E-01	1.0511E+00	3.2139E+00	0.0000E+00	0.0000E+00	0.0000E+00	1.4351E+00	1.1522E+00	1.6979E+00	4.9522E+00	3.6384E+00	4.0629E+00	4.1356E+01
40-44__yrs	1.8524E+01	6.7402E+00	1.1737E+01	7.4944E+00	6.4810E+00	1.1548E+00	9.6626E-01	3.1580E+00	8.8377E+00	0.0000E+00	0.0000E+00	0.0000E+00	4.2657E+00	3.0166E+00	2.9930E+00	6.2218E+00	4.1243E+00	4.5721E+00	6.4786E+01
45-49__yrs	3.9902E+01	1.6401E+01	2.2197E+01	1.2576E+01	1.0693E+01	3.3904E+00	1.9995E+00	5.3899E+00	2.2806E+01	0.0000E+00	0.0000E+00	0.0000E+00	2.0140E+01	5.8535E+00	8.5485E+00	9.0990E+00	5.9694E+00	5.7086E+00	1.1154E+02
50-54__yrs	6.1073E+01	2.7208E+01	3.7448E+01	2.1833E+01	1.9236E+01	5.6684E+00	4.0228E+00	1.0276E+01	4.5567E+01	0.0000E+00	0.0000E+00	0.0000E+00	6.9557E+01	1.1739E+01	1.1922E+01	1.3970E+01	7.4970E+00	7.2410E+00	1.7184E+02
55-59__yrs	8.5185E+01	4.1715E+01	6.4896E+01	4.1199E+01	3.1131E+01	8.4153E+00	6.1437E+00	1.7605E+01	8.8541E+01	0.0000E+00	0.0000E+00	0.0000E+00	1.9020E+02	2.7621E+01	1.9360E+01	1.8483E+01	8.4153E+00	1.0067E+01	2.7641E+02
60-64__yrs	9.4461E+01	5.2715E+01	9.6977E+01	5.6973E+01	4.4327E+01	1.0711E+01	8.1944E+00	2.4519E+01	1.3950E+02	0.0000E+00	0.0000E+00	0.0000E+00	3.7817E+02	4.1682E+01	2.6261E+01	2.2002E+01	7.6782E+00	1.4066E+01	3.8888E+02
65-69__yrs	1.0185E+02	6.6391E+01	1.4156E+02	8.7334E+01	6.6565E+01	1.5294E+01	1.6250E+01	3.3978E+01	2.1221E+02	0.0000E+00	0.0000E+00	0.0000E+00	6.5740E+02	7.2735E+01	3.1979E+01	2.8416E+01	1.1471E+01	2.1551E+01	5.6737E+02
70-74__yrs	1.0439E+02	6.6049E+01	1.8752E+02	1.1732E+02	8.2331E+01	1.3048E+01	2.1939E+01	4.9883E+01	2.7817E+02	0.0000E+00	0.0000E+00	0.0000E+00	9.1511E+02	1.0912E+02	3.5334E+01	3.1985E+01	9.2377E+00	2.8637E+01	7.4363E+02
75-79__yrs	1.1214E+02	8.0815E+01	2.4578E+02	1.6126E+02	1.1455E+02	1.7979E+01	2.8174E+01	6.1538E+01	3.3234E+02	0.0000E+00	0.0000E+00	0.0000E+00	1.2161E+03	1.6144E+02	4.0593E+01	4.0407E+01	1.1492E+01	4.0593E+01	1.1262E+03
80-84__yrs	9.6233E+01	9.9274E+01	3.6104E+02	2.4591E+02	1.5250E+02	1.9985E+01	4.1926E+01	8.4068E+01	3.4105E+02	0.0000E+00	0.0000E+00	0.0000E+00	1.6147E+03	2.5568E+02	6.1694E+01	4.2143E+01	2.3678E+01	5.5611E+01	2.2614E+03
>=85___yrs	9.6233E+01	9.9274E+01	3.6104E+02	2.4591E+02	1.5250E+02	1.9985E+01	4.1926E+01	8.4068E+01	3.4105E+02	0.0000E+00	0.0000E+00	0.0000E+00	1.6147E+03	2.5568E+02	6.1694E+01	4.2143E+01	2.3678E+01	5.5611E+01	2.2614E+03
Male_se___	OralCav___	Esophagus_	Stomach___	Colon_____	Rectum____	Liver_____	Gallbladd_	Pancreas__	Lung______	Breast____	Uterus____	Ovary_____	Prostate__	UrinBladd_	Kidney____	Brain_CNS_	Thyroid___	Leukemia__	Remainder_
00-00__yrs	9.3200E-02	1.6700E-02	2.3700E-02	2.3700E-02	3.3500E-02	3.3500E-02	1.6700E-02	2.9000E-02	4.1000E-02	0.0000E+00	0.0000E+00	0.0000E+00	2.9000E-02	3.3500E-02	1.9150E-01	2.3670E-01	1.6700E-02	5.9720E-01	3.3010E-01
01-04__yrs	9.3200E-02	1.6700E-02	2.3700E-02	2.3700E-02	3.3500E-02	3.3500E-02	1.6700E-02	2.9000E-02	4.1000E-02	0.0000E+00	0.0000E+00	0.0000E+00	2.9000E-02	3.3500E-02	1.9150E-01	2.3670E-01	1.6700E-02	4.3330E-01	3.3010E-01
05-09__yrs	8.6400E-02	0.0000E+00	3.4600E-02	1.7300E-02	2.9900E-02	0.0000E+00	0.0000E+00	0.0000E+00	3.4600E-02	0.0000E+00	0.0000E+00	0.0000E+00	0.0000E+00	1.7300E-02	1.1460E-01	2.4000E-01	4.2300E-02	3.1670E-01	2.5630E-01
10-14__yrs	1.0260E-01	0.0000E+00	2.3200E-02	3.6700E-02	0.0000E+00	3.2900E-02	1.6400E-02	1.6400E-02	3.2900E-02	0.0000E+00	0.0000E+00	0.0000E+00	2.8400E-02	3.2900E-02	7.3500E-02	2.0050E-01	4.9300E-02	2.6130E-01	2.8120E-01
15-19__yrs	1.1200E-01	1.4800E-02	4.9200E-02	4.9200E-02	3.3200E-02	4.4900E-02	0.0000E+00	2.5700E-02	4.4500E-02	0.0000E+00	0.0000E+00	0.0000E+00	1.4800E-02	4.6900E-02	3.6300E-02	1.7930E-01	8.9000E-02	2.4380E-01	3.5090E-01
20-24__yrs	1.5010E-01	3.0200E-02	9.3000E-02	9.1800E-02	8.2700E-02	5.8400E-02	2.6100E-02	3.9900E-02	7.3900E-02	0.0000E+00	0.0000E+00	0.0000E+00	3.7000E-02	4.5300E-02	6.5800E-02	1.9730E-01	1.2630E-01	2.1870E-01	4.3340E-01
25-29__yrs	1.5110E-01	7.3000E-02	1.4910E-01	1.4510E-01	1.3670E-01	6.4600E-02	3.4400E-02	5.9600E-02	1.1160E-01	0.0000E+00	0.0000E+00	0.0000E+00	3.4400E-02	8.4300E-02	9.5900E-02	2.3360E-01	1.7390E-01	2.4350E-01	5.5950E-01
30-34__yrs	2.0690E-01	9.5500E-02	2.1530E-01	2.0440E-01	1.9110E-01	7.5100E-02	4.9600E-02	9.9100E-02	1.7270E-01	0.0000E+00	0.0000E+00	0.0000E+00	7.7200E-02	8.9900E-02	1.3120E-01	2.9450E-01	2.2330E-01	2.4790E-01	6.8690E-01
35-39__yrs	3.5240E-01	1.7620E-01	3.1960E-01	2.8800E-01	2.6120E-01	1.1030E-01	9.2600E-02	1.4580E-01	2.5490E-01	0.0000E+00	0.0000E+00	0.0000E+00	1.7030E-01	1.5260E-01	1.8530E-01	3.1640E-01	2.7120E-01	2.8660E-01	9.1430E-01
40-44__yrs	6.6070E-01	3.9860E-01	5.2590E-01	4.2030E-01	3.9080E-01	1.7410E-01	1.5090E-01	2.7280E-01	4.5640E-01	0.0000E+00	0.0000E+00	0.0000E+00	3.1710E-01	2.6660E-01	2.6560E-01	3.8290E-01	3.1180E-01	3.2830E-01	1.2357E+00
45-49__yrs	1.0753E+00	6.8940E-01	8.0200E-01	6.0370E-01	5.5660E-01	3.2470E-01	2.4070E-01	3.9520E-01	8.1290E-01	0.0000E+00	0.0000E+00	0.0000E+00	7.6390E-01	4.1190E-01	4.9770E-01	5.1350E-01	4.1590E-01	4.0670E-01	1.7978E+00
50-54__yrs	1.4945E+00	9.9750E-01	1.1703E+00	8.9350E-01	8.3870E-01	4.7400E-01	3.8360E-01	6.1300E-01	1.2909E+00	0.0000E+00	0.0000E+00	0.0000E+00	1.5949E+00	6.5520E-01	6.6030E-01	7.1480E-01	5.2360E-01	5.1460E-01	2.5069E+00
55-59__yrs	2.0971E+00	1.4675E+00	1.8304E+00	1.4584E+00	1.2678E+00	6.8710E-01	5.6320E-01	9.5340E-01	2.1380E+00	0.0000E+00	0.0000E+00	0.0000E+00	3.1336E+00	1.1941E+00	9.9980E-01	9.7680E-01	6.5910E-01	7.2090E-01	3.7776E+00
60-64__yrs	2.4688E+00	1.8443E+00	2.5014E+00	1.9173E+00	1.6912E+00	8.5750E-01	7.2710E-01	1.2578E+00	3.0001E+00	0.0000E+00	0.0000E+00	0.0000E+00	4.9397E+00	1.6399E+00	1.3017E+00	1.1915E+00	7.0390E-01	9.5270E-01	5.0091E+00
65-69__yrs	2.9750E+00	2.4020E+00	3.5074E+00	2.7549E+00	2.4051E+00	1.2285E+00	1.1883E+00	1.7183E+00	4.2943E+00	0.0000E+00	0.0000E+00	0.0000E+00	7.5583E+00	2.5141E+00	1.6670E+00	1.5714E+00	9.9840E-01	1.3685E+00	7.0217E+00
70-74__yrs	3.4718E+00	2.7617E+00	4.6534E+00	3.6806E+00	3.0833E+00	1.3181E+00	1.5917E+00	2.4000E+00	5.6675E+00	0.0000E+00	0.0000E+00	0.0000E+00	1.0280E+01	3.5497E+00	2.0199E+00	1.9218E+00	1.0328E+00	1.8184E+00	9.2665E+00
75-79__yrs	4.5591E+00	3.8703E+00	6.7496E+00	5.4672E+00	4.6079E+00	1.9276E+00	2.2852E+00	3.3773E+00	7.8487E+00	0.0000E+00	0.0000E+00	0.0000E+00	1.5014E+01	5.4703E+00	2.7430E+00	2.7367E+00	1.4595E+00	2.7430E+00	1.4448E+01
80-84__yrs	4.5722E+00	4.6439E+00	8.8560E+00	7.3088E+00	5.7556E+00	2.2485E+00	3.0179E+00	4.2734E+00	8.6074E+00	0.0000E+00	0.0000E+00	0.0000E+00	1.8729E+01	7.4526E+00	3.6608E+00	3.0257E+00	2.2680E+00	3.4757E+00	2.2164E+01
>=85___yrs	4.5722E+00	4.6439E+00	8.8560E+00	7.3088E+00	5.7556E+00	2.2485E+00	3.0179E+00	4.2734E+00	8.6074E+00	0.0000E+00	0.0000E+00	0.0000E+00	1.8729E+01	7.4526E+00	3.6608E+00	3.0257E+00	2.2680E+00	3.4757E+00	2.2164E+01
Fem_rate__	OralCav___	Esophagus_	Stomach___	Colon_____	Rectum____	Liver_____	Gallbladd_	Pancreas__	Lung______	Breast____	Uterus____	Ovary_____	Prostate__	UrinBladd_	Kidney____	Brain_CNS_	Thyroid___	Leukemia__	Remainder_
00-00__yrs	2.4261E-01	5.1987E-02	5.1987E-02	1.7329E-02	3.4658E-02	1.7329E-02	0.0000E+00	0.0000E+00	8.6645E-02	0.0000E+00	0.0000E+00	2.5994E-01	0.0000E+00	5.1987E-02	2.2181E+00	2.8246E+00	0.0000E+00	3.3027E+00	5.1641E+00
01-04__yrs	2.4261E-01	5.1987E-02	5.1987E-02	1.7329E-02	3.4658E-02	1.7329E-02	0.0000E+00	0.0000E+00	8.6645E-02	0.0000E+00	0.0000E+00	2.5994E-01	0.0000E+00	5.1987E-02	2.2181E+00	2.8246E+00	0.0000E+00	7.2077E+00	5.1641E+00
05-09__yrs	2.3102E-01	0.0000E+00	5.3313E-02	5.3313E-02	0.0000E+00	0.0000E+00	0.0000E+00	3.5542E-02	5.3313E-02	1.7771E-02	3.5542E-02	3.9096E-01	0.0000E+00	1.7771E-02	9.4186E-01	3.1632E+00	1.4217E-01	4.7271E+00	3.2343E+00
10-14__yrs	4.2939E-01	0.0000E+00	3.3030E-02	1.6515E-02	0.0000E+00	4.9545E-02	0.0000E+00	3.3030E-02	4.9545E-02	3.3030E-02	3.3030E-02	9.7439E-01	0.0000E+00	3.3030E-02	1.3212E-01	2.3286E+00	5.7803E-01	3.1214E+00	4.0958E+00
15-19__yrs	5.6510E-01	1.4127E-02	1.5540E-01	7.0637E-02	2.8255E-02	7.0637E-02	1.4127E-02	8.4765E-02	1.4127E-01	4.0970E-01	6.0748E-01	1.3421E+00	0.0000E+00	1.4127E-01	1.5540E-01	1.5823E+00	2.0626E+00	2.6842E+00	4.7468E+00
20-24__yrs	1.3107E+00	4.1830E-02	6.1351E-01	4.7407E-01	3.7647E-01	9.7603E-02	1.1155E-01	1.3943E-01	2.7887E-01	2.3146E+00	3.4858E+00	1.5895E+00	0.0000E+00	1.1155E-01	3.0675E-01	1.6035E+00	5.3403E+00	2.8026E+00	6.7904E+00
25-29__yrs	1.5403E+00	1.4146E-01	1.4460E+00	1.1945E+00	1.1002E+00	1.1002E-01	1.5718E-01	1.4146E-01	5.8156E-01	8.8648E+00	1.1050E+01	2.3734E+00	0.0000E+00	1.5718E-01	4.7153E-01	2.5777E+00	9.6193E+00	2.2476E+00	1.2276E+01
30-34__yrs	2.1172E+00	2.0325E-01	3.3028E+00	2.5575E+00	1.7954E+00	1.8631E-01	4.2343E-01	4.7424E-01	1.3380E+00	2.4220E+01	2.1646E+01	3.1673E+00	0.0000E+00	4.9118E-01	5.0812E-01	2.9640E+00	1.4820E+01	2.5914E+00	2.0088E+01
35-39__yrs	2.7370E+00	4.2655E-01	4.5321E+00	3.9811E+00	3.5724E+00	2.3105E-01	8.1756E-01	7.2869E-01	3.0747E+00	5.3941E+01	3.1760E+01	5.5452E+00	0.0000E+00	7.9978E-01	1.4218E+00	3.9811E+00	1.7595E+01	3.0925E+00	3.0996E+01
40-44__yrs	4.5660E+00	1.0958E+00	7.4071E+00	8.5435E+00	6.5953E+00	3.6528E-01	1.3597E+00	1.8467E+00	7.1027E+00	1.0459E+02	4.6878E+01	1.0086E+01	0.0000E+00	1.5017E+00	2.3134E+00	4.5660E+00	2.3216E+01	3.6325E+00	5.5908E+01
45-49__yrs	7.1948E+00	2.6828E+00	1.1731E+01	1.4560E+01	1.2048E+01	6.5850E-01	3.4389E+00	3.5608E+00	1.4999E+01	1.6268E+02	6.2290E+01	1.4755E+01	0.0000E+00	3.2194E+00	3.7559E+00	7.5118E+00	2.9438E+01	5.3900E+00	8.4874E+01
50-54__yrs	1.0066E+01	5.3382E+00	1.7021E+01	2.1871E+01	1.9126E+01	1.3422E+00	6.1618E+00	6.4058E+00	2.3061E+01	2.0611E+02	7.7632E+01	2.1902E+01	0.0000E+00	4.8501E+00	6.4973E+00	9.9748E+00	3.3859E+01	7.1684E+00	1.2137E+02
55-59__yrs	1.4996E+01	8.4924E+00	2.5353E+01	3.3307E+01	2.7134E+01	2.3613E+00	8.7824E+00	1.3049E+01	3.9769E+01	2.4400E+02	1.0572E+02	3.0324E+01	0.0000E+00	9.3209E+00	9.0309E+00	1.4458E+01	3.2975E+01	7.2910E+00	1.8381E+02
60-64__yrs	1.8755E+01	1.1661E+01	3.9064E+01	4.5234E+01	3.6732E+01	3.0610E+00	1.2973E+01	1.8074E+01	5.6944E+01	2.5066E+02	1.1952E+02	3.5663E+01	0.0000E+00	1.0203E+01	1.1321E+01	1.5985E+01	2.7597E+01	1.0689E+01	2.3322E+02
65-69__yrs	2.3490E+01	1.4909E+01	5.1057E+01	6.5176E+01	4.4059E+01	3.8947E+00	2.1969E+01	2.6959E+01	7.1079E+01	2.8072E+02	1.3613E+02	4.2477E+01	0.0000E+00	1.9595E+01	1.5883E+01	1.9230E+01	2.5802E+01	1.2658E+01	3.3720E+02
70-74__yrs	2.8659E+01	1.5255E+01	7.2055E+01	8.7384E+01	5.6133E+01	4.7395E+00	2.7993E+01	3.8804E+01	8.1830E+01	2.8052E+02	1.3885E+02	4.5173E+01	0.0000E+00	2.5697E+01	1.7181E+01	2.2513E+01	2.1328E+01	1.7255E+01	4.4329E+02
75-79__yrs	3.7805E+01	2.1651E+01	9.7598E+01	1.3294E+02	7.6059E+01	6.3944E+00	3.3430E+01	5.2277E+01	1.0186E+02	3.5393E+02	1.5504E+02	5.4969E+01	0.0000E+00	3.8815E+01	2.0866E+01	2.8719E+01	2.6587E+01	2.4680E+01	6.8521E+02
80-84__yrs	5.2452E+01	3.0848E+01	1.5445E+02	1.9568E+02	1.0459E+02	7.0629E+00	4.8090E+01	8.1015E+01	1.1082E+02	4.5566E+02	1.9111E+02	5.8996E+01	0.0000E+00	6.0969E+01	2.8875E+01	3.4795E+01	6.0554E+01	3.5003E+01	1.3664E+03
>=85___yrs	5.2452E+01	3.0848E+01	1.5445E+02	1.9568E+02	1.0459E+02	7.0629E+00	4.8090E+01	8.1015E+01	1.1082E+02	4.5566E+02	1.9111E+02	5.8996E+01	0.0000E+00	6.0969E+01	2.8875E+01	3.4795E+01	6.0554E+01	3.5003E+01	1.3664E+03
Fem_se____	OralCav___	Esophagus_	Stomach___	Colon_____	Rectum____	Liver_____	Gallbladd_	Pancreas__	Lung______	Breast____	Uterus____	Ovary_____	Prostate__	UrinBladd_	Kidney____	Brain_CNS_	Thyroid___	Leukemia__	Remainder_
00-00__yrs	6.4800E-02	3.0000E-02	3.0000E-02	1.7300E-02	2.4500E-02	0.0000E+00	0.0000E+00	0.0000E+00	3.8700E-02	0.0000E+00	0.0000E+00	6.7100E-02	0.0000E+00	3.0000E-02	1.9610E-01	2.2120E-01	0.0000E+00	5.3580E-01	2.9910E-01
01-04__yrs	6.4800E-02	3.0000E-02	3.0000E-02	1.7300E-02	2.4500E-02	0.0000E+00	0.0000E+00	0.0000E+00	3.8700E-02	0.0000E+00	0.0000E+00	6.7100E-02	0.0000E+00	3.0000E-02	1.9610E-01	2.2120E-01	0.0000E+00	3.9500E-01	2.9910E-01
05-09__yrs	6.4100E-02	0.0000E+00	3.0800E-02	3.0800E-02	0.0000E+00	0.0000E+00	0.0000E+00	2.5100E-02	3.0800E-02	1.7800E-02	2.5100E-02	8.3400E-02	0.0000E+00	1.7800E-02	1.2940E-01	2.3710E-01	5.0300E-02	2.8980E-01	2.3970E-01
10-14__yrs	8.4200E-02	0.0000E+00	2.3400E-02	1.6500E-02	0.0000E+00	2.8600E-02	0.0000E+00	2.3400E-02	2.8600E-02	2.3400E-02	2.3400E-02	1.2690E-01	0.0000E+00	2.3400E-02	4.6700E-02	1.9610E-01	9.7700E-02	2.2700E-01	2.6010E-01
15-19__yrs	8.9300E-02	1.4100E-02	4.6900E-02	3.1600E-02	2.0000E-02	3.1600E-02	1.4100E-02	3.4600E-02	4.4700E-02	7.6100E-02	9.2600E-02	1.3770E-01	0.0000E+00	4.4700E-02	4.6900E-02	1.4950E-01	1.7070E-01	1.9470E-01	2.5900E-01
20-24__yrs	1.3520E-01	2.4200E-02	9.2500E-02	8.1300E-02	7.2500E-02	3.9800E-02	3.9400E-02	4.4100E-02	6.2400E-02	1.7960E-01	2.2050E-01	1.4890E-01	0.0000E+00	3.9400E-02	6.5400E-02	1.4950E-01	2.7290E-01	1.9770E-01	3.0770E-01
25-29__yrs	1.5560E-01	4.7200E-02	1.5080E-01	1.3700E-01	1.3150E-01	4.1600E-02	4.9700E-02	4.7200E-02	9.5600E-02	3.7330E-01	4.1670E-01	1.9310E-01	0.0000E+00	4.9700E-02	8.6100E-02	2.0130E-01	3.8880E-01	1.8800E-01	4.3930E-01
30-34__yrs	1.8940E-01	5.8700E-02	2.3650E-01	2.0810E-01	1.7440E-01	5.6200E-02	8.4700E-02	8.9600E-02	1.5050E-01	6.4050E-01	6.0550E-01	2.3160E-01	0.0000E+00	9.1200E-02	9.2800E-02	2.2410E-01	5.0100E-01	2.0950E-01	5.8330E-01
35-39__yrs	2.2060E-01	8.7100E-02	2.8380E-01	2.6600E-01	2.5200E-01	6.9700E-02	1.2050E-01	1.1380E-01	2.3380E-01	9.7910E-01	7.5130E-01	3.1390E-01	0.0000E+00	1.1920E-01	1.5900E-01	2.6600E-01	5.5920E-01	2.3440E-01	7.4220E-01
40-44__yrs	3.0440E-01	1.4910E-01	3.8770E-01	4.1640E-01	3.6580E-01	9.1300E-02	1.6610E-01	1.9360E-01	3.7970E-01	1.4569E+00	9.7530E-01	4.5240E-01	0.0000E+00	1.7460E-01	2.1670E-01	3.0440E-01	6.8640E-01	2.7150E-01	1.0652E+00
45-49__yrs	4.1890E-01	2.5580E-01	5.3490E-01	5.9590E-01	5.4210E-01	1.3170E-01	2.8960E-01	2.9470E-01	6.0480E-01	1.9919E+00	1.2326E+00	5.9990E-01	0.0000E+00	2.8020E-01	3.0270E-01	4.2800E-01	8.4730E-01	3.6260E-01	1.4387E+00
50-54__yrs	5.5410E-01	4.0350E-01	7.2060E-01	8.1680E-01	7.6380E-01	2.1490E-01	4.3350E-01	4.4200E-01	8.3870E-01	2.5074E+00	1.5389E+00	8.1740E-01	0.0000E+00	3.8460E-01	4.4520E-01	5.5160E-01	1.0163E+00	4.6760E-01	1.9242E+00
55-59__yrs	7.8820E-01	5.9310E-01	1.0248E+00	1.1746E+00	1.0602E+00	3.3390E-01	6.0320E-01	7.3520E-01	1.2835E+00	3.1793E+00	2.0927E+00	1.1208E+00	0.0000E+00	6.2140E-01	6.1170E-01	7.7390E-01	1.1688E+00	5.4960E-01	2.7594E+00
60-64__yrs	9.5460E-01	7.5270E-01	1.3777E+00	1.4825E+00	1.3359E+00	3.9850E-01	7.9390E-01	9.3710E-01	1.6633E+00	3.4898E+00	2.4098E+00	1.3163E+00	0.0000E+00	7.0410E-01	7.4160E-01	8.8130E-01	1.1580E+00	7.2070E-01	3.3662E+00
65-69__yrs	1.1956E+00	9.5250E-01	1.7627E+00	1.9915E+00	1.6374E+00	4.9870E-01	1.1562E+00	1.2808E+00	2.0798E+00	4.1332E+00	2.8783E+00	1.6078E+00	0.0000E+00	1.0920E+00	9.8310E-01	1.0818E+00	1.2531E+00	8.7770E-01	4.5299E+00
70-74__yrs	1.4568E+00	1.0629E+00	2.3100E+00	2.5438E+00	2.0388E+00	6.2780E-01	1.4398E+00	1.6952E+00	2.4617E+00	4.5578E+00	3.2066E+00	1.8290E+00	0.0000E+00	1.3795E+00	1.1280E+00	1.2912E+00	1.2567E+00	1.1304E+00	5.7295E+00
75-79__yrs	2.0594E+00	1.5585E+00	3.3089E+00	3.8617E+00	2.9210E+00	9.3270E-01	1.9366E+00	2.4217E+00	3.3804E+00	6.3012E+00	4.1704E+00	2.4833E+00	0.0000E+00	2.0867E+00	1.5300E+00	1.7949E+00	1.7270E+00	1.6639E+00	8.7674E+00
80-84__yrs	2.3341E+00	1.7900E+00	4.0052E+00	4.5083E+00	3.2960E+00	9.1180E-01	2.2349E+00	2.9008E+00	3.3928E+00	6.8795E+00	4.4553E+00	2.4754E+00	0.0000E+00	2.5165E+00	1.7318E+00	1.9011E+00	2.5079E+00	1.9067E+00	1.1913E+01
>=85___yrs	2.3341E+00	1.7900E+00	4.0052E+00	4.5083E+00	3.2960E+00	9.1180E-01	2.2349E+00	2.9008E+00	3.3928E+00	6.8795E+00	4.4553E+00	2.4754E+00	0.0000E+00	2.5165E+00	1.7318E+00	1.9011E+00	2.5079E+00	1.9067E+00	1.1913E+01
