Survival Functions Representative for Brazil
"Source: Instituto Brasileiro de Geografia e Estatistica (IBGE). Tabuas abreviadas de mortalidade por sexo e idade. Brasil, grandes regioes e unidades da federacao: 2010.Rio de Janeiro (RJ); 2013. 121 p."
Age	Male	Female
0.0000E+00	1.0000E+00	1.0000E+00
1.0000E+00	9.8144E-01	9.8462E-01
2.0000E+00	9.7783E-01	9.8154E-01
3.0000E+00	9.7712E-01	9.8091E-01
4.0000E+00	9.7651E-01	9.8039E-01
5.0000E+00	9.7598E-01	9.7995E-01
6.0000E+00	9.7554E-01	9.7959E-01
7.0000E+00	9.7515E-01	9.7928E-01
8.0000E+00	9.7482E-01	9.7902E-01
9.0000E+00	9.7448E-01	9.7876E-01
1.0000E+01	9.7412E-01	9.7850E-01
1.1000E+01	9.7374E-01	9.7822E-01
1.2000E+01	9.7334E-01	9.7795E-01
1.3000E+01	9.7293E-01	9.7766E-01
1.4000E+01	9.7237E-01	9.7734E-01
1.5000E+01	9.7162E-01	9.7699E-01
1.6000E+01	9.7061E-01	9.7658E-01
1.7000E+01	9.6926E-01	9.7613E-01
1.8000E+01	9.6746E-01	9.7562E-01
1.9000E+01	9.6550E-01	9.7510E-01
2.0000E+01	9.6337E-01	9.7455E-01
2.1000E+01	9.6106E-01	9.7397E-01
2.2000E+01	9.5857E-01	9.7338E-01
2.3000E+01	9.5586E-01	9.7276E-01
2.4000E+01	9.5315E-01	9.7211E-01
2.5000E+01	9.5046E-01	9.7143E-01
2.6000E+01	9.4776E-01	9.7073E-01
2.7000E+01	9.4507E-01	9.6999E-01
2.8000E+01	9.4238E-01	9.6922E-01
2.9000E+01	9.3967E-01	9.6840E-01
3.0000E+01	9.3692E-01	9.6754E-01
3.1000E+01	9.3414E-01	9.6662E-01
3.2000E+01	9.3132E-01	9.6564E-01
3.3000E+01	9.2848E-01	9.6461E-01
3.4000E+01	9.2555E-01	9.6351E-01
3.5000E+01	9.2254E-01	9.6234E-01
3.6000E+01	9.1945E-01	9.6110E-01
3.7000E+01	9.1626E-01	9.5979E-01
3.8000E+01	9.1299E-01	9.5839E-01
3.9000E+01	9.0955E-01	9.5688E-01
4.0000E+01	9.0595E-01	9.5525E-01
4.1000E+01	9.0217E-01	9.5349E-01
4.2000E+01	8.9820E-01	9.5159E-01
4.3000E+01	8.9404E-01	9.4954E-01
4.4000E+01	8.8962E-01	9.4731E-01
4.5000E+01	8.8493E-01	9.4488E-01
4.6000E+01	8.7994E-01	9.4224E-01
4.7000E+01	8.7465E-01	9.3937E-01
4.8000E+01	8.6902E-01	9.3625E-01
4.9000E+01	8.6302E-01	9.3289E-01
5.0000E+01	8.5661E-01	9.2927E-01
5.1000E+01	8.4976E-01	9.2538E-01
5.2000E+01	8.4245E-01	9.2119E-01
5.3000E+01	8.3467E-01	9.1669E-01
5.4000E+01	8.2640E-01	9.1186E-01
5.5000E+01	8.1763E-01	9.0667E-01
5.6000E+01	8.0833E-01	9.0111E-01
5.7000E+01	7.9848E-01	8.9513E-01
5.8000E+01	7.8805E-01	8.8873E-01
5.9000E+01	7.7705E-01	8.8185E-01
6.0000E+01	7.6547E-01	8.7445E-01
6.1000E+01	7.5328E-01	8.6652E-01
6.2000E+01	7.4046E-01	8.5800E-01
6.3000E+01	7.2699E-01	8.4887E-01
6.4000E+01	7.1272E-01	8.3901E-01
6.5000E+01	6.9760E-01	8.2835E-01
6.6000E+01	6.8163E-01	8.1686E-01
6.7000E+01	6.6477E-01	8.0449E-01
6.8000E+01	6.4701E-01	7.9117E-01
6.9000E+01	6.2826E-01	7.7681E-01
7.0000E+01	6.0849E-01	7.6136E-01
7.1000E+01	5.8772E-01	7.4475E-01
7.2000E+01	5.6594E-01	7.2694E-01
7.3000E+01	5.4318E-01	7.0787E-01
7.4000E+01	5.1943E-01	6.8750E-01
7.5000E+01	4.9473E-01	6.6577E-01
7.6000E+01	4.6915E-01	6.4267E-01
7.7000E+01	4.4278E-01	6.1818E-01
7.8000E+01	4.1572E-01	5.9233E-01
7.9000E+01	3.8823E-01	5.6497E-01
8.0000E+01	3.6047E-01	5.3614E-01
8.1000E+01	3.3258E-01	5.0593E-01
8.2000E+01	3.0475E-01	4.7444E-01
8.3000E+01	2.7717E-01	4.4183E-01
8.4000E+01	2.4999E-01	4.0837E-01
8.5000E+01	2.2344E-01	3.7429E-01
8.6000E+01	1.9773E-01	3.3988E-01
8.7000E+01	1.7309E-01	3.0545E-01
8.8000E+01	1.4972E-01	2.7136E-01
8.9000E+01	1.2767E-01	2.3832E-01
9.0000E+01	1.0729E-01	2.0639E-01
9.1000E+01	8.8729E-02	1.7596E-01
9.2000E+01	7.2123E-02	1.4741E-01
9.3000E+01	5.7543E-02	1.2114E-01
9.4000E+01	4.5000E-02	9.7470E-02
9.5000E+01	3.4438E-02	7.6638E-02
9.6000E+01	2.5751E-02	5.8762E-02
9.7000E+01	1.8780E-02	4.3837E-02
9.8000E+01	1.3334E-02	3.1740E-02
9.9000E+01	9.2000E-03	2.2248E-02
1.0000E+02	6.1500E-03	1.5054E-02
1.0100E+02	6.1500E-03	1.5054E-02
1.0200E+02	6.1500E-03	1.5054E-02
1.0300E+02	6.1500E-03	1.5054E-02
1.0400E+02	6.1500E-03	1.5054E-02
1.0500E+02	6.1500E-03	1.5054E-02
1.0600E+02	6.1500E-03	1.5054E-02
1.0700E+02	6.1500E-03	1.5054E-02
1.0800E+02	6.1500E-03	1.5054E-02
1.0900E+02	6.1500E-03	1.5054E-02
1.1000E+02	6.1500E-03	1.5054E-02
1.1100E+02	6.1500E-03	1.5054E-02
1.1200E+02	6.1500E-03	1.5054E-02
1.1300E+02	6.1500E-03	1.5054E-02
1.1400E+02	6.1500E-03	1.5054E-02
1.1500E+02	6.1500E-03	1.5054E-02
1.1600E+02	6.1500E-03	1.5054E-02
1.1700E+02	6.1500E-03	1.5054E-02
1.1800E+02	6.1500E-03	1.5054E-02
1.1900E+02	6.1500E-03	1.5054E-02
1.2000E+02	6.1500E-03	1.5054E-02
1.0100E+02	3.9800E-03	9.8000E-03
1.0200E+02	2.4900E-03	6.1300E-03
1.0300E+02	1.5000E-03	3.6600E-03
1.0400E+02	8.6600E-04	2.0900E-03
1.0500E+02	4.8000E-04	1.1300E-03
1.0600E+02	2.5400E-04	5.7900E-04
1.0700E+02	1.2900E-04	2.8000E-04
1.0800E+02	6.1900E-05	1.2700E-04
1.0900E+02	2.8300E-05	5.4400E-05
1.1000E+02	1.2200E-05	2.1700E-05
1.1100E+02	5.0100E-06	8.1000E-06
1.1200E+02	1.9300E-06	2.8200E-06
1.1300E+02	7.0500E-07	9.1300E-07
1.1400E+02	2.4200E-07	2.7700E-07
1.1500E+02	7.8400E-08	7.8500E-08
1.1600E+02	2.4000E-08	2.0900E-08
1.1700E+02	6.9200E-09	5.2600E-09
1.1800E+02	1.8900E-09	1.2600E-09
1.1900E+02	4.9300E-10	2.8800E-10
1.2000E+02	1.2200E-10	6.3500E-11
