Survival Functions Representative for U.S. 2000-2005 Population
"Source: U.S. Decennial Life Tables for 1999?2001, United States Life Tables - Elizabeth Arias et al. (2008)"
Age	Male	Female
0.0000E+00	1.0000E+00	1.0000E+00
1.0000E+00	9.9532E-01	9.9637E-01
2.0000E+00	9.9499E-01	9.9608E-01
3.0000E+00	9.9480E-01	9.9594E-01
4.0000E+00	9.9469E-01	9.9583E-01
5.0000E+00	9.9458E-01	9.9573E-01
6.0000E+00	9.9447E-01	9.9564E-01
7.0000E+00	9.9439E-01	9.9556E-01
8.0000E+00	9.9430E-01	9.9549E-01
9.0000E+00	9.9421E-01	9.9543E-01
1.0000E+01	9.9413E-01	9.9536E-01
1.1000E+01	9.9404E-01	9.9529E-01
1.2000E+01	9.9396E-01	9.9522E-01
1.3000E+01	9.9385E-01	9.9514E-01
1.4000E+01	9.9375E-01	9.9506E-01
1.5000E+01	9.9363E-01	9.9496E-01
1.6000E+01	9.9348E-01	9.9486E-01
1.7000E+01	9.9326E-01	9.9474E-01
1.8000E+01	9.9296E-01	9.9459E-01
1.9000E+01	9.9254E-01	9.9442E-01
2.0000E+01	9.9212E-01	9.9424E-01
2.1000E+01	9.9167E-01	9.9404E-01
2.2000E+01	9.9122E-01	9.9383E-01
2.3000E+01	9.9076E-01	9.9362E-01
2.4000E+01	9.9026E-01	9.9341E-01
2.5000E+01	9.8978E-01	9.9319E-01
2.6000E+01	9.8924E-01	9.9295E-01
2.7000E+01	9.8869E-01	9.9270E-01
2.8000E+01	9.8814E-01	9.9240E-01
2.9000E+01	9.8755E-01	9.9209E-01
3.0000E+01	9.8691E-01	9.9180E-01
3.1000E+01	9.8623E-01	9.9145E-01
3.2000E+01	9.8550E-01	9.9106E-01
3.3000E+01	9.8478E-01	9.9064E-01
3.4000E+01	9.8399E-01	9.9021E-01
3.5000E+01	9.8315E-01	9.8971E-01
3.6000E+01	9.8223E-01	9.8916E-01
3.7000E+01	9.8124E-01	9.8860E-01
3.8000E+01	9.8009E-01	9.8799E-01
3.9000E+01	9.7889E-01	9.8732E-01
4.0000E+01	9.7761E-01	9.8653E-01
4.1000E+01	9.7621E-01	9.8573E-01
4.2000E+01	9.7472E-01	9.8480E-01
4.3000E+01	9.7306E-01	9.8382E-01
4.4000E+01	9.7130E-01	9.8272E-01
4.5000E+01	9.6939E-01	9.8150E-01
4.6000E+01	9.6732E-01	9.8020E-01
4.7000E+01	9.6516E-01	9.7881E-01
4.8000E+01	9.6290E-01	9.7725E-01
4.9000E+01	9.6041E-01	9.7562E-01
5.0000E+01	9.5770E-01	9.7377E-01
5.1000E+01	9.5484E-01	9.7176E-01
5.2000E+01	9.5165E-01	9.6954E-01
5.3000E+01	9.4816E-01	9.6709E-01
5.4000E+01	9.4428E-01	9.6446E-01
5.5000E+01	9.4010E-01	9.6159E-01
5.6000E+01	9.3563E-01	9.5841E-01
5.7000E+01	9.3063E-01	9.5497E-01
5.8000E+01	9.2508E-01	9.5118E-01
5.9000E+01	9.1904E-01	9.4712E-01
6.0000E+01	9.1242E-01	9.4255E-01
6.1000E+01	9.0520E-01	9.3771E-01
6.2000E+01	8.9742E-01	9.3243E-01
6.3000E+01	8.8895E-01	9.2671E-01
6.4000E+01	8.7994E-01	9.2056E-01
6.5000E+01	8.7031E-01	9.1404E-01
6.6000E+01	8.5993E-01	9.0690E-01
6.7000E+01	8.4857E-01	8.9915E-01
6.8000E+01	8.3611E-01	8.9037E-01
6.9000E+01	8.2295E-01	8.8112E-01
7.0000E+01	8.0843E-01	8.7101E-01
7.1000E+01	7.9219E-01	8.5968E-01
7.2000E+01	7.7462E-01	8.4755E-01
7.3000E+01	7.5542E-01	8.3380E-01
7.4000E+01	7.3531E-01	8.1921E-01
7.5000E+01	7.1351E-01	8.0304E-01
7.6000E+01	6.9031E-01	7.8550E-01
7.7000E+01	6.6521E-01	7.6619E-01
7.8000E+01	6.3881E-01	7.4499E-01
7.9000E+01	6.1009E-01	7.2179E-01
8.0000E+01	5.7979E-01	6.9644E-01
8.1000E+01	5.4736E-01	6.6838E-01
8.2000E+01	5.1282E-01	6.3825E-01
8.3000E+01	4.7610E-01	6.0554E-01
8.4000E+01	4.3807E-01	5.7014E-01
8.5000E+01	3.9920E-01	5.3186E-01
8.6000E+01	3.5953E-01	4.9195E-01
8.7000E+01	3.1963E-01	4.5023E-01
8.8000E+01	2.8030E-01	4.0754E-01
8.9000E+01	2.4187E-01	3.6414E-01
9.0000E+01	2.0494E-01	3.2010E-01
9.1000E+01	1.7068E-01	2.7668E-01
9.2000E+01	1.3856E-01	2.3426E-01
9.3000E+01	1.1045E-01	1.9480E-01
9.4000E+01	8.6134E-02	1.5911E-01
9.5000E+01	6.6753E-02	1.2791E-01
9.6000E+01	4.9460E-02	9.9364E-02
9.7000E+01	3.5377E-02	7.4735E-02
9.8000E+01	2.4314E-02	5.5067E-02
9.9000E+01	1.6446E-02	3.9391E-02
1.0000E+02	1.0669E-02	2.7234E-02
1.0100E+02	0.0000E+00	0.0000E+00
1.0200E+02	0.0000E+00	0.0000E+00
1.0300E+02	0.0000E+00	0.0000E+00
1.0400E+02	0.0000E+00	0.0000E+00
1.0500E+02	0.0000E+00	0.0000E+00
1.0600E+02	0.0000E+00	0.0000E+00
1.0700E+02	0.0000E+00	0.0000E+00
1.0800E+02	0.0000E+00	0.0000E+00
1.0900E+02	0.0000E+00	0.0000E+00
1.1000E+02	0.0000E+00	0.0000E+00
1.1100E+02	0.0000E+00	0.0000E+00
1.1200E+02	0.0000E+00	0.0000E+00
1.1300E+02	0.0000E+00	0.0000E+00
1.1400E+02	0.0000E+00	0.0000E+00
1.1500E+02	0.0000E+00	0.0000E+00
1.1600E+02	0.0000E+00	0.0000E+00
1.1700E+02	0.0000E+00	0.0000E+00
1.1800E+02	0.0000E+00	0.0000E+00
1.1900E+02	0.0000E+00	0.0000E+00
1.2000E+02	0.0000E+00	0.0000E+00
