Survival Functions Representative for Japan 2012 Population
"Source: Global Health Observatory Data Repository (WHO) - 2012"
Age	Male	Female
0.0000E+00	1.0000E+00	1.0000E+00
1.0000E+00	9.9770E-01	9.9790E-01
2.0000E+00	9.9747E-01	9.9773E-01
3.0000E+00	9.9725E-01	9.9755E-01
4.0000E+00	9.9702E-01	9.9738E-01
5.0000E+00	9.9679E-01	9.9720E-01
6.0000E+00	9.9666E-01	9.9709E-01
7.0000E+00	9.9652E-01	9.9698E-01
8.0000E+00	9.9639E-01	9.9686E-01
9.0000E+00	9.9625E-01	9.9675E-01
1.0000E+01	9.9612E-01	9.9664E-01
1.1000E+01	9.9598E-01	9.9655E-01
1.2000E+01	9.9584E-01	9.9647E-01
1.3000E+01	9.9571E-01	9.9638E-01
1.4000E+01	9.9557E-01	9.9630E-01
1.5000E+01	9.9543E-01	9.9621E-01
1.6000E+01	9.9508E-01	9.9603E-01
1.7000E+01	9.9473E-01	9.9584E-01
1.8000E+01	9.9439E-01	9.9566E-01
1.9000E+01	9.9404E-01	9.9547E-01
2.0000E+01	9.9369E-01	9.9529E-01
2.1000E+01	9.9309E-01	9.9500E-01
2.2000E+01	9.9249E-01	9.9471E-01
2.3000E+01	9.9190E-01	9.9443E-01
2.4000E+01	9.9130E-01	9.9414E-01
2.5000E+01	9.9070E-01	9.9385E-01
2.6000E+01	9.9006E-01	9.9351E-01
2.7000E+01	9.8942E-01	9.9318E-01
2.8000E+01	9.8878E-01	9.9284E-01
2.9000E+01	9.8814E-01	9.9251E-01
3.0000E+01	9.8750E-01	9.9217E-01
3.1000E+01	9.8675E-01	9.9176E-01
3.2000E+01	9.8601E-01	9.9134E-01
3.3000E+01	9.8526E-01	9.9093E-01
3.4000E+01	9.8452E-01	9.9051E-01
3.5000E+01	9.8377E-01	9.9010E-01
3.6000E+01	9.8279E-01	9.8952E-01
3.7000E+01	9.8181E-01	9.8894E-01
3.8000E+01	9.8083E-01	9.8836E-01
3.9000E+01	9.7985E-01	9.8778E-01
4.0000E+01	9.7887E-01	9.8720E-01
4.1000E+01	9.7741E-01	9.8637E-01
4.2000E+01	9.7595E-01	9.8554E-01
4.3000E+01	9.7450E-01	9.8470E-01
4.4000E+01	9.7304E-01	9.8387E-01
4.5000E+01	9.7158E-01	9.8304E-01
4.6000E+01	9.6931E-01	9.8173E-01
4.7000E+01	9.6704E-01	9.8042E-01
4.8000E+01	9.6476E-01	9.7911E-01
4.9000E+01	9.6249E-01	9.7780E-01
5.0000E+01	9.6022E-01	9.7649E-01
5.1000E+01	9.5656E-01	9.7462E-01
5.2000E+01	9.5290E-01	9.7275E-01
5.3000E+01	9.4923E-01	9.7087E-01
5.4000E+01	9.4557E-01	9.6900E-01
5.5000E+01	9.4191E-01	9.6713E-01
5.6000E+01	9.3629E-01	9.6444E-01
5.7000E+01	9.3067E-01	9.6175E-01
5.8000E+01	9.2505E-01	9.5906E-01
5.9000E+01	9.1943E-01	9.5637E-01
6.0000E+01	9.1381E-01	9.5368E-01
6.1000E+01	9.0536E-01	9.4997E-01
6.2000E+01	8.9691E-01	9.4626E-01
6.3000E+01	8.8846E-01	9.4254E-01
6.4000E+01	8.8001E-01	9.3883E-01
6.5000E+01	8.7156E-01	9.3512E-01
6.6000E+01	8.5901E-01	9.2972E-01
6.7000E+01	8.4646E-01	9.2432E-01
6.8000E+01	8.3390E-01	9.1891E-01
6.9000E+01	8.2135E-01	9.1351E-01
7.0000E+01	8.0880E-01	9.0811E-01
7.1000E+01	7.9170E-01	8.9995E-01
7.2000E+01	7.7460E-01	8.9179E-01
7.3000E+01	7.5749E-01	8.8362E-01
7.4000E+01	7.4039E-01	8.7546E-01
7.5000E+01	7.2329E-01	8.6730E-01
7.6000E+01	6.9811E-01	8.5351E-01
7.7000E+01	6.7293E-01	8.3972E-01
7.8000E+01	6.4775E-01	8.2593E-01
7.9000E+01	6.2257E-01	8.1214E-01
8.0000E+01	5.9739E-01	7.9835E-01
8.1000E+01	5.6408E-01	7.7468E-01
8.2000E+01	5.3077E-01	7.5101E-01
8.3000E+01	4.9746E-01	7.2734E-01
8.4000E+01	4.6415E-01	7.0367E-01
8.5000E+01	4.3084E-01	6.8000E-01
8.6000E+01	3.9397E-01	6.4302E-01
8.7000E+01	3.5710E-01	6.0604E-01
8.8000E+01	3.2024E-01	5.6905E-01
8.9000E+01	2.8337E-01	5.3207E-01
9.0000E+01	2.4650E-01	4.9509E-01
9.1000E+01	2.1659E-01	4.5033E-01
9.2000E+01	1.8668E-01	4.0557E-01
9.3000E+01	1.5676E-01	3.6082E-01
9.4000E+01	1.2685E-01	3.1606E-01
9.5000E+01	9.6940E-02	2.7130E-01
9.6000E+01	8.1958E-02	2.3610E-01
9.7000E+01	6.6976E-02	2.0090E-01
9.8000E+01	5.1994E-02	1.6571E-01
9.9000E+01	3.7012E-02	1.3051E-01
1.0000E+02	2.2030E-02	9.5310E-02
1.0100E+02	0.0000E+00	0.0000E+00
1.0200E+02	0.0000E+00	0.0000E+00
1.0300E+02	0.0000E+00	0.0000E+00
1.0400E+02	0.0000E+00	0.0000E+00
1.0500E+02	0.0000E+00	0.0000E+00
1.0600E+02	0.0000E+00	0.0000E+00
1.0700E+02	0.0000E+00	0.0000E+00
1.0800E+02	0.0000E+00	0.0000E+00
1.0900E+02	0.0000E+00	0.0000E+00
1.1000E+02	0.0000E+00	0.0000E+00
1.1100E+02	0.0000E+00	0.0000E+00
1.1200E+02	0.0000E+00	0.0000E+00
1.1300E+02	0.0000E+00	0.0000E+00
1.1400E+02	0.0000E+00	0.0000E+00
1.1500E+02	0.0000E+00	0.0000E+00
1.1600E+02	0.0000E+00	0.0000E+00
1.1700E+02	0.0000E+00	0.0000E+00
1.1800E+02	0.0000E+00	0.0000E+00
1.1900E+02	0.0000E+00	0.0000E+00
1.2000E+02	0.0000E+00	0.0000E+00
