Survival Functions Representative for Korea 2012 Population
"Source: Global Health Observatory Data Repository (WHO) - 2012"
Age	Male	Female
0.0000E+00	1.0000E+00	1.0000E+00
1.0000E+00	9.9650E-01	9.9700E-01
2.0000E+00	9.9635E-01	9.9687E-01
3.0000E+00	9.9619E-01	9.9674E-01
4.0000E+00	9.9604E-01	9.9661E-01
5.0000E+00	9.9588E-01	9.9648E-01
6.0000E+00	9.9576E-01	9.9637E-01
7.0000E+00	9.9564E-01	9.9626E-01
8.0000E+00	9.9553E-01	9.9616E-01
9.0000E+00	9.9541E-01	9.9605E-01
1.0000E+01	9.9529E-01	9.9594E-01
1.1000E+01	9.9516E-01	9.9586E-01
1.2000E+01	9.9502E-01	9.9578E-01
1.3000E+01	9.9489E-01	9.9571E-01
1.4000E+01	9.9475E-01	9.9563E-01
1.5000E+01	9.9462E-01	9.9555E-01
1.6000E+01	9.9430E-01	9.9537E-01
1.7000E+01	9.9397E-01	9.9519E-01
1.8000E+01	9.9365E-01	9.9501E-01
1.9000E+01	9.9332E-01	9.9483E-01
2.0000E+01	9.9300E-01	9.9465E-01
2.1000E+01	9.9251E-01	9.9439E-01
2.2000E+01	9.9201E-01	9.9413E-01
2.3000E+01	9.9152E-01	9.9388E-01
2.4000E+01	9.9102E-01	9.9362E-01
2.5000E+01	9.9053E-01	9.9336E-01
2.6000E+01	9.8989E-01	9.9300E-01
2.7000E+01	9.8924E-01	9.9264E-01
2.8000E+01	9.8860E-01	9.9228E-01
2.9000E+01	9.8795E-01	9.9192E-01
3.0000E+01	9.8731E-01	9.9156E-01
3.1000E+01	9.8649E-01	9.9105E-01
3.2000E+01	9.8567E-01	9.9053E-01
3.3000E+01	9.8484E-01	9.9002E-01
3.4000E+01	9.8402E-01	9.8950E-01
3.5000E+01	9.8320E-01	9.8899E-01
3.6000E+01	9.8201E-01	9.8840E-01
3.7000E+01	9.8083E-01	9.8781E-01
3.8000E+01	9.7964E-01	9.8723E-01
3.9000E+01	9.7846E-01	9.8664E-01
4.0000E+01	9.7727E-01	9.8605E-01
4.1000E+01	9.7545E-01	9.8518E-01
4.2000E+01	9.7363E-01	9.8431E-01
4.3000E+01	9.7180E-01	9.8345E-01
4.4000E+01	9.6998E-01	9.8258E-01
4.5000E+01	9.6816E-01	9.8171E-01
4.6000E+01	9.6505E-01	9.8048E-01
4.7000E+01	9.6193E-01	9.7926E-01
4.8000E+01	9.5882E-01	9.7803E-01
4.9000E+01	9.5570E-01	9.7681E-01
5.0000E+01	9.5259E-01	9.7558E-01
5.1000E+01	9.4797E-01	9.7391E-01
5.2000E+01	9.4335E-01	9.7224E-01
5.3000E+01	9.3873E-01	9.7058E-01
5.4000E+01	9.3411E-01	9.6891E-01
5.5000E+01	9.2949E-01	9.6724E-01
5.6000E+01	9.2306E-01	9.6501E-01
5.7000E+01	9.1663E-01	9.6279E-01
5.8000E+01	9.1019E-01	9.6056E-01
5.9000E+01	9.0376E-01	9.5834E-01
6.0000E+01	8.9733E-01	9.5611E-01
6.1000E+01	8.8815E-01	9.5269E-01
6.2000E+01	8.7897E-01	9.4928E-01
6.3000E+01	8.6979E-01	9.4586E-01
6.4000E+01	8.6061E-01	9.4245E-01
6.5000E+01	8.5143E-01	9.3903E-01
6.6000E+01	8.3813E-01	9.3320E-01
6.7000E+01	8.2483E-01	9.2737E-01
6.8000E+01	8.1152E-01	9.2155E-01
6.9000E+01	7.9822E-01	9.1572E-01
7.0000E+01	7.8492E-01	9.0989E-01
7.1000E+01	7.6350E-01	8.9877E-01
7.2000E+01	7.4207E-01	8.8765E-01
7.3000E+01	7.2065E-01	8.7654E-01
7.4000E+01	6.9922E-01	8.6542E-01
7.5000E+01	6.7780E-01	8.5430E-01
7.6000E+01	6.4688E-01	8.3377E-01
7.7000E+01	6.1596E-01	8.1325E-01
7.8000E+01	5.8503E-01	7.9272E-01
7.9000E+01	5.5411E-01	7.7220E-01
8.0000E+01	5.2319E-01	7.5167E-01
8.1000E+01	4.8512E-01	7.1636E-01
8.2000E+01	4.4704E-01	6.8105E-01
8.3000E+01	4.0897E-01	6.4575E-01
8.4000E+01	3.7089E-01	6.1044E-01
8.5000E+01	3.3282E-01	5.7513E-01
8.6000E+01	2.9856E-01	5.3057E-01
8.7000E+01	2.6431E-01	4.8601E-01
8.8000E+01	2.3005E-01	4.4146E-01
8.9000E+01	1.9580E-01	3.9690E-01
9.0000E+01	1.6154E-01	3.5234E-01
9.1000E+01	1.4014E-01	3.1335E-01
9.2000E+01	1.1874E-01	2.7437E-01
9.3000E+01	9.7334E-02	2.3538E-01
9.4000E+01	7.5932E-02	1.9640E-01
9.5000E+01	5.4530E-02	1.5741E-01
9.6000E+01	4.6036E-02	1.3534E-01
9.7000E+01	3.7542E-02	1.1327E-01
9.8000E+01	2.9048E-02	9.1194E-02
9.9000E+01	2.0554E-02	6.9122E-02
1.0000E+02	1.2060E-02	4.7050E-02
1.0100E+02	0.0000E+00	0.0000E+00
1.0200E+02	0.0000E+00	0.0000E+00
1.0300E+02	0.0000E+00	0.0000E+00
1.0400E+02	0.0000E+00	0.0000E+00
1.0500E+02	0.0000E+00	0.0000E+00
1.0600E+02	0.0000E+00	0.0000E+00
1.0700E+02	0.0000E+00	0.0000E+00
1.0800E+02	0.0000E+00	0.0000E+00
1.0900E+02	0.0000E+00	0.0000E+00
1.1000E+02	0.0000E+00	0.0000E+00
1.1100E+02	0.0000E+00	0.0000E+00
1.1200E+02	0.0000E+00	0.0000E+00
1.1300E+02	0.0000E+00	0.0000E+00
1.1400E+02	0.0000E+00	0.0000E+00
1.1500E+02	0.0000E+00	0.0000E+00
1.1600E+02	0.0000E+00	0.0000E+00
1.1700E+02	0.0000E+00	0.0000E+00
1.1800E+02	0.0000E+00	0.0000E+00
1.1900E+02	0.0000E+00	0.0000E+00
1.2000E+02	0.0000E+00	0.0000E+00
