Survival Functions Representative for U.S. 2000-2005 Population WHITES				
"Source: U.S. Decennial Life Tables for 1999?2001, United States Life Tables - Elizabeth Arias et al. (2008)"				
Age	Male	Female		
0.0000E+00	1.0000E+00	1.0000E+00		
1.0000E+00	9.9373E-01	9.9488E-01		
2.0000E+00	9.9326E-01	9.9448E-01		
3.0000E+00	9.9291E-01	9.9422E-01		
4.0000E+00	9.9264E-01	9.9402E-01		
5.0000E+00	9.9243E-01	9.9385E-01		
6.0000E+00	9.9225E-01	9.9370E-01		
7.0000E+00	9.9207E-01	9.9356E-01		
8.0000E+00	9.9190E-01	9.9343E-01		
9.0000E+00	9.9176E-01	9.9330E-01		
1.0000E+01	9.9163E-01	9.9319E-01		
1.1000E+01	9.9152E-01	9.9308E-01		
1.2000E+01	9.9141E-01	9.9298E-01		
1.3000E+01	9.9124E-01	9.9285E-01		
1.4000E+01	9.9096E-01	9.9268E-01		
1.5000E+01	9.9052E-01	9.9244E-01		
1.6000E+01	9.8991E-01	9.9214E-01		
1.7000E+01	9.8914E-01	9.9177E-01		
1.8000E+01	9.8824E-01	9.9135E-01		
1.9000E+01	9.8723E-01	9.9092E-01		
2.0000E+01	9.8616E-01	9.9048E-01		
2.1000E+01	9.8500E-01	9.9006E-01		
2.2000E+01	9.8378E-01	9.8963E-01		
2.3000E+01	9.8251E-01	9.8921E-01		
2.4000E+01	9.8125E-01	9.8878E-01		
2.5000E+01	9.8003E-01	9.8835E-01		
2.6000E+01	9.7886E-01	9.8791E-01		
2.7000E+01	9.7773E-01	9.8747E-01		
2.8000E+01	9.7662E-01	9.8701E-01		
2.9000E+01	9.7550E-01	9.8652E-01		
3.0000E+01	9.7435E-01	9.8601E-01		
3.1000E+01	9.7316E-01	9.8547E-01		
3.2000E+01	9.7192E-01	9.8489E-01		
3.3000E+01	9.7061E-01	9.8427E-01		
3.4000E+01	9.6922E-01	9.8358E-01		
3.5000E+01	9.6774E-01	9.8282E-01		
3.6000E+01	9.6615E-01	9.8199E-01		
3.7000E+01	9.6446E-01	9.8110E-01		
3.8000E+01	9.6264E-01	9.8012E-01		
3.9000E+01	9.6069E-01	9.7906E-01		
4.0000E+01	9.5859E-01	9.7790E-01		
4.1000E+01	9.5631E-01	9.7664E-01		
4.2000E+01	9.5386E-01	9.7527E-01		
4.3000E+01	9.5123E-01	9.7379E-01		
4.4000E+01	9.4838E-01	9.7219E-01		
4.5000E+01	9.4530E-01	9.7048E-01		
4.6000E+01	9.4196E-01	9.6865E-01		
4.7000E+01	9.3835E-01	9.6667E-01		
4.8000E+01	9.3446E-01	9.6452E-01		
4.9000E+01	9.3030E-01	9.6218E-01		
5.0000E+01	9.2588E-01	9.5962E-01		
5.1000E+01	9.2119E-01	9.5684E-01		
5.2000E+01	9.1619E-01	9.5381E-01		
5.3000E+01	9.1085E-01	9.5050E-01		
5.4000E+01	9.0509E-01	9.4689E-01		
5.5000E+01	8.9883E-01	9.4293E-01		
5.6000E+01	8.9198E-01	9.3855E-01		
5.7000E+01	8.8447E-01	9.3371E-01		
5.8000E+01	8.7626E-01	9.2837E-01		
5.9000E+01	8.6735E-01	9.2252E-01		
6.0000E+01	8.5773E-01	9.1614E-01		
6.1000E+01	8.4734E-01	9.0919E-01		
6.2000E+01	8.3606E-01	9.0157E-01		
6.3000E+01	8.2386E-01	8.9326E-01		
6.4000E+01	8.1070E-01	8.8423E-01		
6.5000E+01	7.9657E-01	8.7449E-01		
6.6000E+01	7.8148E-01	8.6399E-01		
6.7000E+01	7.6545E-01	8.5280E-01		
6.8000E+01	7.4835E-01	8.4081E-01		
6.9000E+01	7.3002E-01	8.2791E-01		
7.0000E+01	7.1039E-01	8.1400E-01		
7.1000E+01	6.8949E-01	7.9904E-01		
7.2000E+01	6.6733E-01	7.8291E-01		
7.3000E+01	6.4380E-01	7.6545E-01		
7.4000E+01	6.1885E-01	7.4651E-01		
7.5000E+01	5.9245E-01	7.2594E-01		
7.6000E+01	5.6460E-01	7.0367E-01		
7.7000E+01	5.3544E-01	6.7968E-01		
7.8000E+01	5.0506E-01	6.5394E-01		
7.9000E+01	4.7359E-01	6.2644E-01		
8.0000E+01	4.4121E-01	5.9720E-01		
8.1000E+01	4.0813E-01	5.6629E-01		
8.2000E+01	3.7460E-01	5.3379E-01		
8.3000E+01	3.4089E-01	4.9985E-01		
8.4000E+01	3.0733E-01	4.6466E-01		
8.5000E+01	2.7425E-01	4.2848E-01		
8.6000E+01	2.4201E-01	3.9160E-01		
8.7000E+01	2.1097E-01	3.5439E-01		
8.8000E+01	1.8147E-01	3.1723E-01		
8.9000E+01	1.5386E-01	2.8059E-01		
9.0000E+01	1.2840E-01	2.4491E-01		
9.1000E+01	1.0534E-01	2.1069E-01		
9.2000E+01	8.4820E-02	1.7838E-01		
9.3000E+01	6.6940E-02	1.4840E-01		
9.4000E+01	5.1690E-02	1.2111E-01		
9.5000E+01	3.8990E-02	9.6800E-02		
9.6000E+01	2.8670E-02	7.5610E-02		
9.7000E+01	2.0510E-02	5.7610E-02		
9.8000E+01	1.4260E-02	4.2720E-02		
9.9000E+01	9.6000E-03	3.0770E-02		
1.0000E+02	6.2500E-03	2.1460E-02		
1.0100E+02	3.9300E-03	1.4470E-02		
1.0200E+02	2.3800E-03	9.4000E-03		
1.0300E+02	1.3800E-03	5.8700E-03		
1.0400E+02	7.6800E-04	3.5200E-03		
1.0500E+02	4.0840E-04	2.0100E-03		
1.0600E+02	2.0710E-04	1.1000E-03		
1.0700E+02	9.9900E-05	5.6870E-04		
1.0800E+02	4.5680E-05	2.7920E-04		
1.0900E+02	1.9770E-05	1.2950E-04		
1.1000E+02	8.0800E-06	5.6570E-05		
1.1100E+02	3.6710E-06	2.6540E-05		
1.1200E+02	1.5670E-06	1.1610E-05		
1.1300E+02	6.2420E-07	4.6880E-06		
1.1400E+02	2.2980E-07	1.7260E-06		
1.1500E+02	7.7360E-08	5.8100E-07		
1.1600E+02	2.3470E-08	1.7630E-07		
1.1700E+02	6.3060E-09	4.7350E-08		
1.1800E+02	1.4630E-09	1.0990E-08		
1.1900E+02	2.8340E-10	2.1280E-09		
1.2000E+02	4.3450E-11	3.2630E-10		
				
				
				
				
				
				
