Survival Functions Representative for U.S. 2000-2005 Population BLACKS				
"Source: U.S. Decennial Life Tables for 1999?2001, United States Life Tables - Elizabeth Arias et al. (2008)"				
Age	Male	Female		
0.0000E+00	1.0000E+00	1.0000E+00		
1.0000E+00	9.8437E-01	9.8723E-01		
2.0000E+00	9.8344E-01	9.8651E-01		
3.0000E+00	9.8292E-01	9.8610E-01		
4.0000E+00	9.8253E-01	9.8577E-01		
5.0000E+00	9.8219E-01	9.8550E-01		
6.0000E+00	9.8190E-01	9.8526E-01		
7.0000E+00	9.8162E-01	9.8506E-01		
8.0000E+00	9.8136E-01	9.8488E-01		
9.0000E+00	9.8113E-01	9.8472E-01		
1.0000E+01	9.8093E-01	9.8456E-01		
1.1000E+01	9.8076E-01	9.8439E-01		
1.2000E+01	9.8057E-01	9.8422E-01		
1.3000E+01	9.8032E-01	9.8403E-01		
1.4000E+01	9.7992E-01	9.8381E-01		
1.5000E+01	9.7930E-01	9.8354E-01		
1.6000E+01	9.7846E-01	9.8322E-01		
1.7000E+01	9.7738E-01	9.8285E-01		
1.8000E+01	9.7606E-01	9.8243E-01		
1.9000E+01	9.7452E-01	9.8194E-01		
2.0000E+01	9.7275E-01	9.8141E-01		
2.1000E+01	9.7072E-01	9.8080E-01		
2.2000E+01	9.6844E-01	9.8014E-01		
2.3000E+01	9.6599E-01	9.7941E-01		
2.4000E+01	9.6348E-01	9.7865E-01		
2.5000E+01	9.6103E-01	9.7785E-01		
2.6000E+01	9.5865E-01	9.7701E-01		
2.7000E+01	9.5633E-01	9.7613E-01		
2.8000E+01	9.5405E-01	9.7520E-01		
2.9000E+01	9.5175E-01	9.7421E-01		
3.0000E+01	9.4940E-01	9.7314E-01		
3.1000E+01	9.4698E-01	9.7199E-01		
3.2000E+01	9.4450E-01	9.7075E-01		
3.3000E+01	9.4192E-01	9.6940E-01		
3.4000E+01	9.3923E-01	9.6793E-01		
3.5000E+01	9.3641E-01	9.6631E-01		
3.6000E+01	9.3343E-01	9.6457E-01		
3.7000E+01	9.3030E-01	9.6267E-01		
3.8000E+01	9.2696E-01	9.6062E-01		
3.9000E+01	9.2336E-01	9.5836E-01		
4.0000E+01	9.1945E-01	9.5588E-01		
4.1000E+01	9.1522E-01	9.5316E-01		
4.2000E+01	9.1065E-01	9.5019E-01		
4.3000E+01	9.0569E-01	9.4697E-01		
4.4000E+01	9.0029E-01	9.4350E-01		
4.5000E+01	8.9439E-01	9.3978E-01		
4.6000E+01	8.8793E-01	9.3579E-01		
4.7000E+01	8.8089E-01	9.3150E-01		
4.8000E+01	8.7328E-01	9.2691E-01		
4.9000E+01	8.6514E-01	9.2201E-01		
5.0000E+01	8.5653E-01	9.1680E-01		
5.1000E+01	8.4743E-01	9.1126E-01		
5.2000E+01	8.3780E-01	9.0536E-01		
5.3000E+01	8.2761E-01	8.9906E-01		
5.4000E+01	8.1679E-01	8.9235E-01		
5.5000E+01	8.0529E-01	8.8517E-01		
5.6000E+01	7.9301E-01	8.7746E-01		
5.7000E+01	7.7988E-01	8.6914E-01		
5.8000E+01	7.6591E-01	8.6019E-01		
5.9000E+01	7.5121E-01	8.5062E-01		
6.0000E+01	7.3589E-01	8.4044E-01		
6.1000E+01	7.2002E-01	8.2966E-01		
6.2000E+01	7.0358E-01	8.1824E-01		
6.3000E+01	6.8649E-01	8.0612E-01		
6.4000E+01	6.6860E-01	7.9321E-01		
6.5000E+01	6.4980E-01	7.7941E-01		
6.6000E+01	6.3010E-01	7.6472E-01		
6.7000E+01	6.0951E-01	7.4923E-01		
6.8000E+01	5.8804E-01	7.3292E-01		
6.9000E+01	5.6570E-01	7.1578E-01		
7.0000E+01	5.4253E-01	6.9778E-01		
7.1000E+01	5.1861E-01	6.7892E-01		
7.2000E+01	4.9401E-01	6.5915E-01		
7.3000E+01	4.6881E-01	6.3838E-01		
7.4000E+01	4.4308E-01	6.1654E-01		
7.5000E+01	4.1693E-01	5.9361E-01		
7.6000E+01	3.9049E-01	5.6964E-01		
7.7000E+01	3.6393E-01	5.4468E-01		
7.8000E+01	3.3739E-01	5.1879E-01		
7.9000E+01	3.1102E-01	4.9204E-01		
8.0000E+01	2.8497E-01	4.6453E-01		
8.1000E+01	2.5942E-01	4.3638E-01		
8.2000E+01	2.3451E-01	4.0774E-01		
8.3000E+01	2.1042E-01	3.7876E-01		
8.4000E+01	1.8731E-01	3.4962E-01		
8.5000E+01	1.6532E-01	3.2053E-01		
8.6000E+01	1.4459E-01	2.9169E-01		
8.7000E+01	1.2524E-01	2.6333E-01		
8.8000E+01	1.0736E-01	2.3569E-01		
8.9000E+01	9.1010E-02	2.0899E-01		
9.0000E+01	7.6250E-02	1.8347E-01		
9.1000E+01	6.3090E-02	1.5932E-01		
9.2000E+01	5.1510E-02	1.3675E-01		
9.3000E+01	4.1460E-02	1.1591E-01		
9.4000E+01	3.2870E-02	9.6930E-02		
9.5000E+01	2.5650E-02	7.9890E-02		
9.6000E+01	1.9670E-02	6.4830E-02		
9.7000E+01	1.4820E-02	5.1740E-02		
9.8000E+01	1.0960E-02	4.0560E-02		
9.9000E+01	7.9400E-03	3.1190E-02		
1.0000E+02	5.6300E-03	2.3510E-02		
1.0100E+02	3.9100E-03	1.7340E-02		
1.0200E+02	2.6500E-03	1.2490E-02		
1.0300E+02	1.7500E-03	8.7800E-03		
1.0400E+02	1.1254E-03	6.0100E-03		
1.0500E+02	7.0490E-04	4.0100E-03		
1.0600E+02	4.2910E-04	2.5900E-03		
1.0700E+02	2.5340E-04	1.6252E-03		
1.0800E+02	1.4507E-04	9.8640E-04		
1.0900E+02	8.0360E-05	5.7840E-04		
1.1000E+02	4.3020E-05	3.2710E-04		
1.1100E+02	1.9540E-05	1.5350E-04		
1.1200E+02	8.3430E-06	6.7150E-05		
1.1300E+02	3.3230E-06	2.7110E-05		
1.1400E+02	1.2230E-06	9.9800E-06		
1.1500E+02	4.1180E-07	3.3600E-06		
1.1600E+02	1.2500E-07	1.0190E-06		
1.1700E+02	3.3570E-08	2.7380E-07		
1.1800E+02	7.7900E-09	6.3540E-08		
1.1900E+02	1.5080E-09	1.2310E-08		
1.2000E+02	2.3130E-10	1.8870E-09		
				
				
				
				
				
				
